194 ludex

·edioere 11, 13, 32, 5, 45, 25, 59,15. 1111113,17, 42,8; 46, 25, 75,12,
editio 0111. 155, 9. lertio loeo positum 5, 22, 8, 5,
editur (1.1 aedituo corr.) 4, 9, 17, 20, t1534233 29, 4, 60,18, 646, 841.
74, 23. enii 5.
11111111 46, 4, 49, 8, 63, 6, 69, 5, 1111131711111.
96,,2 11117118, 13, 62,17; 97,.2 episoopue=p apo 342 -,40 1,41,
11111711631 225, 431, 129,.1
oduoere 85,13, 10418. epistula (veroquam epistole) 35, 22,
17111111 5, 24 41, 5.9; 4218, 43, 5, 45,3, 55,
efficientia, 11 69,7. 15.1e.18; 111, 213.
effulgere 110, 14. eradicare 102.
1771111179,18.1111711111111111 105, 2.
egere uid? aegere. eremus: in eremo 61, 9, 1111111177)
egredi Oroe. 152,12 60,11.
1111111 167 25, 20, 17111111 (erat ergo (eoo. 7111 poe.) 13, 20, 28, 24,
temp,lo)7225. 39,,1744,,1051,,,,,.7639872
1111111118,15, 19, 23, 20, 23, 35,4, 11117111111111117111111112219·,(17.
112, 7. Κ17711111,Κ1“1171117.ρ.91),-2826.
11111140 27 947 111114,,6 6,,16 7,,8 14,18,17,17,
1111711 32, 3, 35, 4, 39, 14, 52, 10, 49,8,57,11, 5815, 7923, 83,1,
62, 17;32,5; 84,25;87,6; 101, 95, 17; 1043, 0111. 151,2
8.,10 104, 10 11111111114,18,16,,9 85,,7 8818,
eleemosyna: elimosina od 341 ·-elemo ( lorumque 1111111111 1111..)
131188137111311311101311338111138 1111111123 13, 1121337111 48, 1,
11111171181. 82,,3 85,14,101,4.
1711117137. 1111111. eruditus 148.
elementarius 0111. 157 4 eruginare 17, 13.
elidere 11, 8 erugo 17,7.13.
ehgere 17 15, 39,14; 48, 15. 18, 130, erumpere 98,5.
12, elegere 35, 4, 87, 13. esseraepieeime: ιιι 1111111111 um 66 14,
17711171110171117111111111111111111111 1111111111111166,15, 11 711711111-
8,,21 77,,9 1111111112712,11111117,13,“111711711111111180,17,
76,11,11711111111113147,111, 99, -1171-τ117152,25.
10, Helles inreguorum 478 (1 ere esurire 66, 17.
86,7· participiorum: naturae hri- 171111111117ω17711711117111111
17193,3111111111.·362156,7, 717111)19,,328,,16 338, 4415,
67, 3· 70, 3. 1411, 17. aeneum, 49, 26, 53, 21. 2211, et= etiam
(11171111111111111171111711111 15, 20. 22, 23, 22, 33 4 ·,κ84 12·
111111111183613 8311111111191111111110188113311-71
elogium 52, 17. (17. 41,11, 67, 21, 75, 3).
eloqui 6,10. 17, 70, 7, 92, 7. etenim 4, 2.
, eloquium 49, 27, 51, 12. 15, 60, 20, 111111111111,117176,14.25,7,4,
83, 18, 94, 21,- 0111. 157, 15. 9,28,11,26,39,19,1711111 nuue
1111111111 27, 5. 3, 12
111111111117109,8,-152,8 17111111,11111111111127928),14,,7
emendatio 8812. 30, 19, 36,,7 5411.
emere 28,3 1711 1111111111, in ipso tractatuum

1111117111171146,6 exordio: 3, ill-l· 3, 7 11111111),
1111111151. 1137414 811117), 57,,3 624,
emundatio 79,12. (17. 1111786, 4)· 111117 8,13, 343
1111111988. 35, 8.,24 52,17, 573· 593, (60,
enim eoepioeime, 11717 4, 8. 11. 14, 13? 11111711),31,11,62,4,72,7,

5, 6; 6, 17. 19, 8, 5, 9, 19, nee 73,4; e. 11111. 3, 3, 102,14,,1111-

 

