XVII

15555115515555155551623. ’

115 551155 155151, 1551155 1551525 15115515, 1515511155, 51115515, 551511555-
115; - 5155551155 1013.

55155 551551515555,555155ι15555, 5155515555 5155155156, 5551515 loeis 28.
55551515.

1515 5551515555, 51515155, 1555151555.

155515155555551, (1515555555, 5555155155, 5515555155555, 55155555515555,
551555.

5155 15155 15515 3.

5115 1555511115, 1551115555, 5551155, 5555551155 sim. locis -3, 55555551-
tum 155151,55551155155151,5551511555 aim. 155. 5, 5555551155, 551551-
1551555 aeque 155 555115 5155551115, 555551155175,1 5115155555-
5155),55(155551115,15555115555155 155151.

51115 555511515515 19, 25.

5155 5055555555, 555555555555555515555 155156, 5515551555 5155155153,
555555151555115, (1151551155 55515515 4, 5515155555, 5551515555,
555550551555115, 51515555, 5551515515, 555151, 55515155, 5555555515555,
- 5151555155 28, 95 - quin etiam 1551555051555 34, 195 -51, 511555
555555555515555 ew 555555555551555 5555. 65, 215 “

51515 55515155 1551535 sed:

1555515155111555155555155511555,555155515ιί.

51555 1551151555 5155155515515511515555, 5515155115115552,5151515ι5. ’

5515 (15515155551115155555115,1151555555 5155.155155,1151551555,555155555
15515 3,· —- 555151551555 21, 25.

5115 55511555515115, 551555551155, 5555115155 5155505157, 1551115, 5551551115,
emmanue ,15515 3, 5555111155. 5155515515 6, (1551511555, do·
5555111551, 55155155111555,551511555,ι 1515551155, 55511515151155151551155 ’
5155515515 4, 555515115ιί555, 5151505555, 5551155155, 5551155, 515-
5555511555, 5511551555, 555111155115, 5551151555, 5515151155, 1555551155,
5551115555,1551115515.1551510,555151115 -555551155512,235101,15

15511115155510,15 155111151587, 185 551 1515111515 65, 165 72135 , «

5555555 5115151555 5155, 551151551155 5551115555. -
51155 (11511551, 1511151551, 5555115555 595. 1555513,15555511515, 55511555 sim.
1551575- (1555551151 75, 2, 5555115555 86,115 551 5555155551

90‚3; domamus 98,4; 5551515515 62, 10, (1555515155115 69,.8
1155 5515111555, 15511555, 55115155, 5511515 eim 155151, Ρ5115555 ψ- 555115
15115555 aim. 1551515 - 5515515115, 5155115155.

, ¹1: 55515155, 5111515555, 5011515551, 5115151, 551155, 5155115155, 55155555 -
5515115555 11, 215 551555155 96,11. ¹
5555559555 515551 haec.- 5151555, 5515115555, 5515555511551, 1511551, 1151555,

5555150551555, 5561555555, 5555111555, 551151 (72125 7112).

orthographiam maxime fluctuantem 555 555155-
dam 5555 (15515 511 igitur mirum, si in 555 eademque pagina
117111115155111. b

 

