uerborum et locutionum. < 211

ponera (et positus) saepissime 7, 1,Ι,15505,1515,145, 25, 54, 28, 55, 24,
9, 15, 18,8,26,6,35,21, 3815, 57, 6, 60,14, 6933 63,4; 65,16;
45,1,,,,4645115;,,,5217558 66,16;,,,,,,,7019712077687
561, 65, 22, 66, 18, 67, 20, 70, 14, 96 22 1022, 104 19 20
4015, 82, 7. 11, 87,7· 88, 8, ,15505541,15,,1005540,28, cfiprae·
9l,;4 95,13; 981921, 10212. 0511, depraecari.

15,1,039, psalmus m 11051* trinam praecidere: 651555, 0505 155,11.

positus 95, 12 praecingere 806 praecinctu lumbos ab

populus, caspe add. dei;40, 16, 61, praecipere ne 35 28, 58, 12, oms. 91,7.
46, 63,,2 72, 22, 84, 25, 91, 11, praecipitium 8,9
98, 7. 11015. 12 101, 12, 102, praecludere 54,15.

18, cc ,5,. 5055. 60, 22, 88, 4, praecurrere 6511.

04 7 praedestinare 32, 2.
portare iudicium9814; tunicam99,5. praedicare 30, 18, 332, 41, 26, 45,
,011514,14,57,13. 12, 51,19, 62,3,101,2·102,13
poscere4,;l 71,5. praedicatio 529, 67, 99.
posse, (saepe non ,05551 11, 1015, praeduratus 293.

18,,5 22,15,33,2,35,13,38,8·,15515115510150155555501111130,19.

40,21,41,1,0 42, 1. 22,48, 13. praeuertere 71,14.

14, 52,1116,53,15,61,12, 64, ,1555115111 59 23, 86,.8

20, 75,11; 82, 15, 85, 16, 90, 3, ,15515011 5111 54, 13.

104, 16· 105,5, non possumus 49 praenuntiare 54, 21.

19· 47, 16; 49, 30, 6017, 100,4. ,155,5151548,11, 61,]2,65,15, 78,

505 possum 47, 26. 18 , 80, 9, 8919.
possibilis 74,17; 8013. praeparatio 58, 9, 71,16.
possidere 34, 8, 6518, 8212, 98, praepetes transitus auium 54, 17· of.

22, 101,16, 153,18.Ρ1·1565151., 11551551, 535.

,0515 ccc. 31125, 40, 24, 4413, praepositiones comparatur, 505 pen.
457, 5215, 5420, 61,8,7,4 655165515516541 15 100, 9134
93; 929, 9311, 97-,13, ,051 pro55, 20· ,(66, 22), ·.,51 5515565550.
3511515οι151913,,051110111515105 5 fons 90, 25,- ,1·-555505111051555
110 29, 8 1515015155 usus, 515, absque, cum,

pot Ξ,505150 12, 4, 65, 24, 77, 12, ,10 5 555, 15115,51,55011561115
78, 10· 93, 14 501,οῑ cf. 511515051551 *5111 5516.

,05106 63,,2 10423. (3419615555955115515510556 um)

posterior 61,6; ,0511011155 9319. praepositothomine domino omnium

posteritas 53, 20. 151515 65, 22.

pos haec 1115 loc 0101, 5,1.8 20, 91,15; praerupta, orum 91, 6.

38,,2 49‚13;67,2.;6 104,17.,155501551ι55418.
,0565791421,155505540,12.14,1141015922,
postulare41, 12, 71, 17 (abiins. 5. 055), 90, 18,· lect' tro 72, 21, 80, 5. 17,

7819, 79,12. -,165555115, 515 62,5.
potura 99, 5. 9. ,1555551515 66, 3
potens 17, 26, 28,,9 60, 21, 78, 19 praesertim 11515409.
potentia 27, 17. praesidium baptismatis 7,17.
potestas 34,17; 35,,7 37, 23, 62, 11, ,15551 1551101 104, 1.

63, 27, 65, 5. 14, 66, 20, 75, 7. 17, ,155515155,,5 49, 93; 64, 15, 89,1,

78,9, 96, 11. 95,5· 104, 25, 1151 32651611
,011564,11,34,4.9,40,12.14.,15551511115555,8.

18· 45, 10, 48, 21, 58, 3. 6, 77. praesumere 65, 24, 71, 22· praesumpta

24, 97, 12,-0,115511111115 35, 22. accusatione 39, 21· incauta pr·ae
,1550610 61, 6· 64, 16. sumere 46,9
,1550551566 94, 1. praesumptio 16,12.
praecari 88, 12, cf. depraecari. praeteritis loc. aiot: 5, 12 bis. 1816,
praecedere 7614 7, 11. 16, 67, 1. 2.

143

 

