Priscillianum.

10015101, 51 incipit ι 8,13
.·. ii 3ῑέ
- 54 9,7

55 512
50 1113
57 0, 10
58 524
59 10,1
00 10,0
15153
- 02 10, 220111. mihi
· 1532 13
11,1 , 14
1193 ““ 15
11,7 10
(655110 11,16 -, 17
- (0551171 11,18 -- 18
09151115011123 10
70 11,31 20
71 11,33 21
72 12,1
73 155
- 74 12. 31
13, 0
1512
14,1
14,29
15341105 4,18
14‚³7 510
151 - 511
1505151111
1512
1519
1520
1521
1522 ita
1524
1528 ut
1531
15321111110115.
1534
1536
1546
1550
15352

1550
16, 1
10, 8
1510
1513
10, 13 00111010.
1517
1518051015.

10
11
12

4, 2115οο1111.
4, 4qui est
4, 6501110111.
Ι4, 7111 subi.
4,13
w
4,17

.-.

1111111111

ωι-ΞΞΞὲ-ὁο-ωοευι

Ῥὲφέἒοέἒοέἓοᾳῧθὲ- -. ,- ,-

0—-

Ξ
ts>

ιη’ g
1510115511
1520515511ᾱί
11,4
11, 7
11.11
11,21 inquo
12, l
12, 7

{ffiaegaeaeaeaeaeffigaeaeaeaeaeaeaeae

ΞΞΞ

 

