uerborum 44 locutionum. 217

444444414 scrutate 47, 253 51, 13. 14441 psalmi) 4441 44444414444 ·-
4444444444 45, 244 75, 10. alsiloquinm sermonum 34,19.
4444444 4154, 6. 4444444441 26, 15.
¹socmtnm4,4; 54,33 86,124 87,14. 44444144424,1.7
suetae 39, 4. 7. 104 41, 34 48, 174 56, 44444448,1410,18418,8438,25484,2.
14; 131, 20. seruare 51, 224 57, 74 62114 64174
4444441 4, 44 23,74 65, 264 93, 23. 76, 3.
’44444444 Oros. 155, 9. seruire 19,123 48, 214 57,16482,16.
secundum 6, 113 8, 74 15,44 29, 1. 244 seruitus 88, 153 104, 17.
22104 2419204 39, 134 32, 44 semus 39,9; 56, 254 85, 3. ’
36, 9. 10 4 39, 143 42, 9 414 - se· 444 30, 12 bis. 35, 64 95, 2.
44441444 quod 15, 243 17, 183 24, 4444444 diuersitas 133,4
20, 42164 -secundum 44444 75 2 414444144144, 4441444 414. ind. 6, -315

44414414.32,44,4,6013(11721. 11,.411614,41318,19.428τ44044 ’

4444404467, 204 8843 83,4. 44, 104-1144441144 22154
securus 3,3, 4144ομ5 4434444441444753-3411

saepsssime, 441441 8,11,3, 444141441441.4144414 41821741

ειθᾱ1414326, 12131614128,14441 99, 22, 44 autem 30146 sinuoso
4423, 224 3344 55, 104 96, 234 sed 4015441. 4141

stiam24,5; 4110074- 4441ω 414444444144, 44414111,15415,224
44020261873114013- 31,1;034,1„040273 103,8,
4441444444,4119.104,4· 4444450124 55104 84

sedem 39, 244 74,16 12414 cf. 41444441441444.
sedis apostolieae gloria 34, 11. siccus 61, 5.
seductio 19, 3. sisque 54, 231114 65,53 79,6· 99,103
segregare 39, 27 3 65,, 104 93, 15. (1102, 3, 104,47 4441 41444 55, 204
4444411134 58184 101,1. sicquae 67, 23.
semen 4444444471,54-46,154119,22 41444 (160 14414 ita 4441414444, 4441 41
seminator 154,.8 cud595):3,1335, 14, 65, 8,9.
4444 444148 21, 214 3448 35, 14. 254 15414 sae 444444114444,44414418,214
412457116312721920 9,4210,917.42193,74-41444414
senior 34, 131 42, 24. 44444444 4411444414 44444 4444444444
444444411444414 100, 19. 444, uelut 10, 44 11, 335 12, 23,
sensibilitas 104, 23. 13, 24.
11111111111111 1141111 333 3333... 81 9
106,1, 1. 4444444 57,10; 58,;7 sig natura 48, 23.
444441244444444-τ44444440111144 414184134434097
4215. 44 num (= 1174444144) 63, 3
sententia 30, 114 41, 2344214445, 4444151· 24,20;105,3.
123 47, 24 51, 271 57, 143 70, 274 4144411144. 4141. 16, 27. 284 18, 204 2384
104,4 (158269819172425
444444342818,4,428281442,219,63,2 25, 11 16. 204 66, 274 81, 101· 974
separare 1432 194 111,1
4444444244) 1426, 20. 414114440134 933.
4444448245 18,73 25, 224 812 s1m111udo 73, 15,;7 18, 19, 65, 234
septimium) perfecta 68,.1 ’ 66,1; 83, 20.
sequaciter 111, 6. simp le'x 78164 81194 99, 18.
444441142623,17·348·355·368·>4ι441444444 3917.
45154 47, 274 48, 16. 214 83164 (simultates 45, 12.)
98174100, 19. sinceres 81,4.
sen3 3333 33 ·· 3 ⁸¹3. 3 '3 33¹3
1111 4444444
20104191051106244444 3844684820659725
4414111444· protomus 4441 psalmidicus 104,1344·1.144444414444.

 

