206 ludex

modus 57,14. 18, 76, 27, 95, 25, nomque 49, 21, 66, 15, 101, 6.

100, 9, 104, 4. 11111 62, 18: 65, 25, 74, 13, 77, 25,
moeeetio 19, 7. 88, 5, 101, 25, natus in 1111149,
mola asinaria 46,19. 43 101,16, nasei habere 53, 25.
111111619216. 1111111111 (saepe additur 1111111626,
moliri: intellegentiae opus moliens 22, 60, 2, 70, 14, 73, 5, 75, 15,

95, 15 et 104, 2. 77, 24, 78, 3. 13, 82, 17, 83, 13,
mollire oliuo leniori 100,10. 87,19, 97, 24.
mollis: (cliuo molliore) 77,1. natura saepissime, 111111 8, 3, 12, 21,
momentum: poet momentum 54, 20. 1818: 27, 28, 29, 2, 45, 6, 52, 8.
monere 51, 13, 64, 21. 10,ω60,3;71,24, 75,5, 100,13.18.
monile 134,15. 22, 10126, 104, 22, Oros. 15312.
monstrare 23, 14, 2812, 49, 7. 9, naturalis 97, 5.

62, 10, 70, 17, 75, 21, 86, 14, naturaliter 54,13.

90, 3, 101, 23. naufragio uelut fine periclitari 57, 12.
1111111111 11, 17. naufragi elide 2310.
monumentum 52, 3. 11 35, 9. 23, 41, 6. 18, 43212, 49,
1111·154,20.22,71,2,(11111111101111111) 715, 56,7, 5812, 77,5, 84,7, 101,

73, 16, 74,14, morientum 60, 7. 12, 104, 19, cadmeo 6l,7;-ef.neo.
111114,10,5,24,[15,13],60,7,74,26, 1111(11 1111111117. et 1111 ennaea.

83, 10, 93, 12. 11111.)111,11“111’111, 11711 23, 23,
morsus, 111, 15, 24. 40, 23, 48, 14. 15. 18, 50, 8, 56, 2,
mortalis 48,14; 57, 9, 61, 11, 62, 12 , 111 enim 18, 22; 42, 8, 46, 25,.

71, 20, 92, 5, 97, 28. 75, 12, 79, 16, 111 ideo 56, 15,
111112,22,(15,13>,35,26,39,11,42,13. nontamen 41,12, 151, 11, neem
motus, us 76,12, 92, 6, 113, 9. 11142, 18, 72, 1, 102, 5111, 111
mouere alqm 34, 9. “ quidem 39, 12. 203nee=ae quidem
111112562011108522,11. 51172131511ε9 ffliiiiitiii'ii
mulnforms 58, 11, 103, 3, 11610. 1. 3, 64, 15, 85, 6, uam nonw
multimodus 23, 5, 60,1, 128, 16. 111181, 7; 111⁶* neo “¹10⁰ 83, 16;
multiplex 34, 16. 11 neque corr. 56, 6, - neque 29,
multiuolus 24, 8. 13. 1411111111, 30,]8111,31,19,
multus: multi ex 1111 40, 24. 59,2;60,7,93,17.18, 10467811
mulus 8,11. . 111111111140,30, 51,15, 53, 18, 73,
mundare domum 80, 8. 11, 76, 26, 78, 7, 82, 9, 84, 23,
mundialia 14,9, 30, 14 ; 76,12;83,14. 98, 15, 100, 1, neccessario 58, 9.
mundus saepissime, uelat: 16,13, necessarius 35, 5, 70, 1, 92, 15, 111-

45, 6, 47,24, 5815, 63, 11. 18. 27, eessarius 70, 5.

65, 1826, νν81,3,92,10;98,4, neeesse 1111. coni. 64, 19; 76, 13,

102, 3. 8, Oros. 156, 8. e. aee. 1111111172, 4, Oros. 151,11.
munus 48, 8, 92, 9, 100, 17, tanti 1111111111 34, 7, 35, 19, 110,3, 111-

muneris dens 76, 21 et 9212. cessitas 43, 6, 61,10.
muscipula 48,1, 73, 8, ef. 1811111111, 11111 (11811111) 51,10.

1111 171111. 218. nefarius 24, 7; comp. 11111. nefarius
mutatio 10, 13, 87, 3. 23, 3.
mutus 105, 5. 11111 23, 24 , 27,11, 30, 16, 38, 8,
myritis 1111112123, 1814115. f. lai. 43,12.

Len. ΠΙ, 327. negare 22, 1. 5, 29, 7, 30, 16; 54, 5,
mysterium 8, 2. 8, 52, 10, 56, 23, 55, 9, - 111 negare 31, 13, 51,

71,13;.78,17, 7318, 84,24; cf. 15, 55, 11, 66, 7, 98, 24, 105, 6.

ministerium. neglegens 0111. 154, 9.
nemo 13, 20, 17, 25, 24, 10, 27,10,
Ν11121,7,34,19;41,21,43,7,48,1,49,8, 35, 1617111. 18, 39, 20, 41, 1,
52, 5, 56, 12, 77, 17, 83, 12, 99, 22. 42, 20 , 43, 4, nemo nostrum 35,

 

