uerborum et locutionum. 193

disputare 48, 22; 49, 1. 21; pem. pl. 1011110 68, 3, 79, 27, 80, 8, psa. do-
part. disputantem 68, 10. mue 79, 11 bie,- domo 32, 19.
disrumpere 15, 15: 59, 13, 98, 1, es 101100. iad. Oros. 15212.
dirr. corr. 12,11. 1100111 91,1.
dissuetus 47,19. 11000 9, 2, 11, 19. 22; 1810, 15, 6,
111001101110 72, 14. 18, 8. 14.
dissentire 80,16. dubitare: non dubito quemquem esse
dissimulare 49, 29. dicturum 58, 2.
(1100011110 28, 19, 67, 15. dubius 8, 6, 64, 4, 115, 7.
dissonus 74, 24, 118, 9. ducatorium 11, 22.
distinguere: distineristi 104, 18. duee-tus, ue 102, 6.
distribuere 104, 25. 1110010 (ea dio. 0011.) 27,11, 4915,
districtus 70,14. magnifiee (= mapmi faeere) 87, 5.
distringere 70,19. dum 0. imd. praee. saepissime, 100111
1101110110 (erat districtio) 61,16. 5, 8, 0, 17, 45,11. 15, 48,16,20;
distruere 6,15, 26, 21, 52ζ 5, 71,10, ⁶» 101, 9, 0. comi. inopes. 98, 4.
76, 1, 97, 16; 102, 10, 1101110111110 110 721215, 79,6; 84,25; 95171111,
95, 2, sed 1101111101197,4, - de· 98,11. 1091181011. 18, 10819.
11110117010, 74,5; 119,6,’124, 2, duodecim 81, 10.
125, 6, 187,1.16, 146, 18. durare=maaere 40, 4. ’
ditare 79, 10, 88, 3. duritie petranum 5412.
diu 99, 20. durus 104, 24,
diuersus 8612, 41, 7, 42, 14, 49, 17, 111 in Istrahel 31, 6.
63, 10, 71, 18, 74, 24, 99, 19,
mm Edu
dines 91, 28 0, 01 saepissime, 001111 20, 14, 23,
1110111 105, 2. 10. 11, 32, 3, pro pem: nullus ,0
diuidere 5, 8, 88, 9, 49,10, 60, 22, 1001110 85, 11, multi 011110 4024,
64, 14, 65, 9, 70, 9, 72, 8. 14, 1100011110 52, 25, quisquam 01
, 78, 7, 75, 21, 76,17; 98,19; 101, 5105881111111111074, 10 , —pro
11, 102, 2. 011 synhodo 11111110 39, 23 , - 01
diuinitas 7818. infirmitate 01101138, 16,-001100-
diuinus saepissime, 00101 5, 8, 8, 2. 0010, 1101111 89, 5, ’ 48, 8, sermo
4. 12, 16, 8, 22,11.18, 57, 6. omnis 01 01101 001 70, 5, 0100
11. 18, 6010, saepe eonimepitar 5817, 1041518, naturae 100
aem ‘genus iudicium, natiuites, Christo 93, 8, 01 Μ. uirgine 01
netum, opus, sermo, uirtus‘. spir. s. (im symb.) 36,·17; 01111110
10101023, 17 , 56, 1, 57, 8, 72, 21, pro nobie 01 inmortalitate moriente
88,5; 92,9; 94, 25, 987, 111086. 71, 2, 0 contrario 89, 5, 01 nouo
dootor 23, 6; 39, 11, 42, 3, 126, 18, 44, 8, exabundanti (II. 001. 9, 1)
0101. 152, 18. 49, 16; 010 111, 1.

doctrina 7, 24, 8813, 37. 18, 38, 5, 0000 9, 3. 8. 11. 13, 12, 23, 19,4.13,. ,

’ 81, 9, 92, 7, 95, 13, 07, 18, 101, 2016, 26,17, 2124, 82, 25, 86,
4. 22, 10011111 0111 (= Ι. Tim. 18; 37, 4, 44, 16, 49, 28, 50, 16.
1, 10) 109,10 01 0100. 155,12. 20, 51, 6, 58, 20, 66, 8, 72, 17,
dogma 5, 7, 23, 18, 80, 17, 33, 8, 97, 11, - 10110 1000 51, 2.
87,10, 63, 10 , 100110 3, 8. 11. 00010010100100111011111015,10,17,19,
10101 89, 22, 85,1, 98, 5. 306, 81, 29, 85, 4. 25, 39,19.23.
domesticus 3313. 24. 25, 40, 3. 7. -16; 41, 6. 7, 42,
domicilium 82, 19. ¹ 17,4,8,1311’0,·55,16,68,1,00110010
dominari o. 0011.27,1,-95,1, 99, 6, 108, 4, 119, 28, 130, 6,
dominatio 60, 6. 13812, 186, 6, 189, 8, - 0010111,-
dominicus 78, 16. > stione 85, 10,89, 24, 51, 18, 129,11.
dominns saepissime, 110101 7, 6, 28, 8, 000011, aid. 111011.οΠ 0111010101.
20, 5, 88, 11, 54, 4. edere 85, l.

mn. Priscill. 18

 

