uerbosum 11 locutionum. 223

24, 90, 19, 93, 22, 95,16, (18, 12 , intellegere (72, 4), eine, - 1111111·
29, 8, 0317, 72,17,94,17,95, zeter 190, 11 - 101, 4, - eum
24, 96, 20, 99, 17, 122,13,) cf. 01611. 3, 7 -4, 2, 30,11-15,
uoluptas. 67, 21 -23, 75, 3. 4, - e. ies. 35,
uoluptatium tempus 85, 13. 26-36, 3, 41, 24-42,1, eod 96,
uoluptas 69,13, cf. uoluntas, uelut 27, alaeaquilae 1111511111 41, 11,
63,17. 51,22,11111111 == 111 22, 18, 43,
uotum 111111114114. 2-4, 58,1719(1·;70,811.,1111111
uox 57, 14, 94, 13, 96, 2, 97, 10, »v 111183, 16, de ut 11 11 per·
98, 6, 104, 4. “ metelle cf. 11.
urgere 51, 9. 12, urguere 89, 2. uterque 53, 21 1111, 72, 4. 7. 11, 98, 20,
neque 111 42, 26, 48, 4, 7415, 79, 13, 116, 22.
97, 17, 102, 16, 119, 12, 122, 2, uterus 77,13, 84, 25, 97, 21, 98,2 7.
156, 21. 24. 26, - usque in 35,12, uti 61, 16, 65, 28, 97, 27, 125, 14,
111, 5, 152, 6, - usque 1111111 0111. 156, 7.
155,19, 11 usque 156, 22. utilis 57, 5; 9215.
tempere 5618. utilitas 87,15.
111111 54, 14, 65, 5. 12, 71, 20, 104, 26, ulrum 45, 23, utrum 111 95, 4.
ueuue 61,1. uulgi fabulae 39, 5.
ut = 11111114,12,74,14,86,15;87,6,
88,18;90,13;= quomodo 47, 27, zabolus. zabulus, zabolicae 11111. die·
103, 611. 1111111 (cs. 1111111 Zeu in 913111.)
ut = dane, uelocis, 11111114,5.10, 111111 42, 26.
5,1, 6,3.10,7,2,8,15,10,2,·- 111111114628, 11111111 46271471.
poet spes (102, 8), iubere (78, 27), zone 2517. ·

 

