222 Index

11111111111111119522. 73,1.16,77,,8 81, 4, 83, 14, 84,

116111ε1111115025,51,.7 22, 95,20, 96,.826, 9312102,

1161113,6,,4012,4410.15;54,10, 13, 1111111111 bella 9211, 9622,
63,,9 8425, 9316, 95,163 in morum 1111112,23,1111111(116.
canonem 50, 2 (11611111111 50, mors) uitiorum 1313.
11),111111191161161111--11111-11111110,22,11,2. <
61711265, 64, 12, eaquae uidentur 1111111148, 15,26, 162, 2326,
78,,5 1179 20 (1170 3. 14), 116111 35, 26, 39, 17, 41, 21, 71, 21,78,
311471249215223 87 25,,,,,,.8168269310
17, 1041. uiuus 6, 21, 34, 20, 104, 18.

11611114313. 11115221. ’

119111118610.1111123,23,91,,5 104,6.

uincere 4617 19, 607· 61, 10, 65, ultio 45,12.

27, 77,24, 781316182192, 11111534 7416, 97,5, 147,7,
814992310124261020 116116111161116377.

- 1111 ns 26 24, 66, 133 11111111 ululare 17,.9

11111325, [111111112111119111 umquam 56, 2.

uidentu⁷r omnis homo 1111111112 1116139,2261”1,56,20,87,15,93,,2
(111111112178,5,11611911611 101, 16

homo uincitur 78, 11 sq] 1191111111 11616116242.

11111111112422,44,14.11111111124,12,27, 3.

1116111110205414, 10111 14619. 11111157, 13, 92,=8 04,1--·-3 -1043,

1111166,18.11110111.154,19.

1119111138. unitus 7, 163 18, 30, 34,173 102,

uir=maritss 19.6;20,14.20328 21 176is3 1111911103, 19· 1111111111
religiosus 40, 9, spectabilis 41, 2. 111 11 uirtutem 1111. 5, 9.

111111 8511. uniuersus 6583 71, 23, 7316, 75,93

1119111111 53, 253 73, 13, 77, 13. 96, 22, 101, 22.

uirginitas 74, 253 101, 10. unumqui377,63105,1.

uirgo 27, 243 36, 17. 18· 59, 24, 74, unus saepissime, 1111111 310, 5,63
22. 23· 101, 25, 15415. 7,.6910,11191191166111’,1117111

11111156 2716·449·46 7657· 5,7.·17 7,.510, 3417, 35, 10·
67,123 69, 4, 94, 22, 103, 16, 36, 14, 37, 23, 49, 3. 10, 62, 11,
10412. 662111, rests 1111111111 6614,

1111111611111104,12. 111111143201199111111111111),

uirus 88, 3. 11111ω1111151,819.,1111ω

uis 28, 26. 1111119819, 11111ω11611ω11111

uiscera 54, 213 98, 53 123, 16. 23,12;-11111111111111111111

111ιέ1211139 3913, 111 1111111 3267, 1 1111111111 1 s; ct.

6111611161. unusquisque 13, 21· 66, 6· 97,,6 111,

11111 615, 5613. 4 15, 112, 6· 128, 18, 145, 3·

uisus 1111111111 1049, 10424. 11. unumq 116.

111133, 4,,12 5,.,324 7,,19 15,,26 11111136 41, 5, 731, 78,325166,63
1329, 3312, 3411, 35,4...613 1111111410, quis uocat ,11111
18 21. 27, 39, 15, 462, 43, 10, 111111111119Η111102931191
44, 113 45, 24, 54, 21, 55, 23, σπευοοντα και ausos 1191111982, 13,
57,4, 631, 6512, 75,8; 83, 2. uocatis diuersa 3612 st 10312,
1116, 8312, 88, 9 21, 96 161111111111310, 165
91, 9, 92,10.163 9311, 95,5; uolucer 76, 19, 9111. pl. 1111111111
96,9,99,7, 101, 5, 1021610415. 623, 76, 26.

uitare 9, 163 166, 3. 1111111111111111178, 10, 11111 11111-

uitis (sensus): 1111111 111 uitem corr. 1111116614, paupertas 125,18.
1422, — 6619. uoluntas 248, 4315, 5427, 55,

uitium 1320, 3614, 60, 2, 70, 14, 20, 64, 16, 65, 28, 70, 13, 89,

 

