196 Index 7

faetus 28, 3, faetus paseha 81, 2, nom. 0018 (8 8182800888811)

faetus ipse quod psalmus es 297,2, 34, 3, 42, 14. 15, 45, 11,- 49, 3,

18821 sabbatum 0812121 688 Ι1881118Ι 51, 20, 55, 24, 100,,6 fidem 1818

pro 2ο21881221871,,3 188118222 ellat. 31, 12, fidem 282818 8. qen.

28122281 818223011, 188228 882 50,·11,11088 281183 12, 34, 18,

281281282121812111282220,10,18828 fld'ei ueritas 39,17, 81. 80, 881281,
,,,2 , ...aune

rs 81
1881128 43, 8, 47, 21,152, 37, 53, 5, fiducialite} 16, 25.

71, 24, 90, 17, 98, 1, 100, 11218. 0821 14, 14, 22, 15, 73, 23, 78, ’,13
18812118 101, 11. 84, 781
1882122322, 81,10,339,47, 17, 081 12 8228821732, 81 fixus

49, 26· 636, 97, 26, 104,,6 1034. 0821822212 15, 10, 206, 105, 20
1882218 1320, 8320, 84, 13, 8316, 08218 818, 86, 18, 133 281.

77, 12. 8 etym: indicium iudicare 19,5
18821218 362. flffm 1018
1882221314, 84, 1516011, 90, 01128 8888188228, oen. 8188. 82 notri.

1101812. = ’ plor. 011. 18, 18, 10, 19, 28, 8,

, 188282 84, 8. 2313, 32, 22, 37, 81, 3315, 49.

18118818,88110,5. 37· 501417, 85,4; 860, 872,
1811818 84,4.6,102,17. 835, 103, 11. 14, 8800111 13 25,
1818818 42, 9, 51, 28, 58, 8. 17, 23· 32, 8· 81,1314,101, 13.
falsiloquium sermonum 34,18. (139, 18: 14311.)
falsitas 58, 9. . 028818 10, 7, 21, 14, 31, 22, 50, 9,
18188 adu. 40, 28 028228 21, 10.
falsus 2312, 9315. 021281281811147,Ι2, mundus 021222
familiae deorum incertorum 70, 18. 81, 3, (1025881282, 80 5327,
familiaritas rerum saecularium 57, 10. 61, 16, 039, 81, 10, 85, 16).
familiariter nisibilium consuetudine 02183310, 57,1818; 63136413,
admonente 69, 13 82 94 23. 71, 23, 77, 8· 95, 25, 18821 821
fantasma 12820211, 15, 9. 0118838, 028 ettam 5712, 140,,4
fastidiosus 110, 70219318
fecundare 67, 22, 8314. firmare = 8111111218 Oros. 153, 8.
fecunditas subolis 101,14. firmamentum 2321, 53, 18, 87, 21.
1812359 ’ 011218 pro firmus 11, 5, (sed 81. oli
felicitas 146, 15. 110 ,.15)
felicium adolatio 933181181221881· fissura, ae 227.
suasio 935· 22128 felicium 937 02812 lubricis gressu 57,1;8 fixo m
fehers mater 2281198 2 1888181111 lubricum 8188829325.
80 5327. flagrantis animi 82201212 931.
femina 2316. 0818 28,,9 818.

’ 1828 12, 14, 18, 29,· 27, 28. fluetus: 888. 81181. 0282228 51, 8, 880

181182288281881868,9. 81. 0282 228 04,8.

fermentum 81, 3. 2282118000,881881885,10,0088

ferox 81, 188182. 228 18228 211 812128 118828 31, 30,

ferus= 1818 15, 1. baptismatis 1428 01, 9, 128212188

18218 testimonium 88 12, ·18118 senten- fons 80, 17, 0121282212 sermonum
2182151, 27, forre: -tolerare38, 19. 182288 85, 10.

1882111828 adu, Oros. 151, 11. foris. 8188888. 8828228081.

fldeiinssor 438. , forma saepissime, 8871820, 1, 8, 8,

. 00811849, 29, 58, 17· 8331032 18, 4, 19, 1, 181288888821113

0088 8888188188, nom. 11088 3, 3. 10· 12), 44, 5, 7314, 7310181218
4,,10 1214, 15, 26, 81,9, 336, raeeepti 55, 84: 62, 3, 10811888
3315, 56,16;78,16; 7319, 99, formae 145 5416 77,913
12, 0088 88 0018 corr. 34, 3· -1181128118 militia 0818. 15318-Ι

 

