218 Index

sinerer 264,35,5,93, 10, cementariorum.
18,5006.,39,11066.,94,12,(1691010166161 91, 51, 195, 8?
0....)0.. 11011 6000-
01111, p.85)80.‘1;- 0roe.155.14. 11011110ωῇ16110154,1,-01,2,67,21.
00901100, 01616 48,15. stipendium 10, 7, 76 8, 867, 95, 22,
101 ern 14.15; re. 0. 1611, eu! 0000, reu 11.
262, eeu 031251 767,78,23,“0116610 25, 5.
Ι0100. 157, 4. studere de nlqe (-· ereum) 6, 11;
00161010 65, 4. 10. 0. aar. 87, 5.
solidus 48,18. studium 34, 9, 47, 22, 51,11, 54, 23,
0011160 (end. 1600111601 61, 1. 93,1,199,6,ε··Ρο0101’101“11000010)1
1061060 pascuae (a 101000 m} 06061111.
71,1), solemnis 5616. ’0161111111 7, 7, 14,9.11, 23, 2.
0011010 111,17. 0161160 5, 7, 1612.
0091011660 35, 19, 53, 18, 63, 22. stupor 49, 29.
0011101160 88, 7. sundere 102, 11 , - suadeor 58, 16,
0016010 61, 13, 9619. 90, 18.
0016614118, 606 solum 4616, 55, 069 (seraper 0. 001) 41, 3. 24, 46, 29,
10, 56, 3, 96, 23. 069 0010 16, 12, 73, 7, 069 nemine
00160 49, 6, 43, 5, 72, 10, 82, 15, der. 3312, 4612.
01001.001101,11;105,3; 0001111. 0691110010 96, 9.
selae 31,7 (epp. 6660). 06910010 11, 13, - 157, 6.
0016110 seripturarum 0100. 15614. 06916109ος010 Oreo. 154, 3.
0066109661, ex -buntur cerr. 32, 9. 069110 49, 2.
00660 194, 24. subingnre 101,12. 14. 21, 192, 4.
sordentes 10609100 34, 29. 0691660110 84, 3.
spargere 0100. 154,11. 0691161010 105, 2.
0600611101 49, 17. . sublimis 3617.
speeies 13, 23, 18, 4, 41, 3, rerum suboles 101,14.
1121 1232112122111'0· ’1111511113 ¹⁸³ mm
001010 e . . .
69,11 01 94, 21. substantie 5, 9, 97, 25.
speculatio (= Wam) 84,18, 0119101606οἏ19 111, 9.
spese, 1, 6, 1, 363. 7, 4627, 55, 25, subtrito& gradus 91, 10-
6101 nt 192, 8. 0696011010 122, 6.
01116ἱὶ00 1111010101) 12, 18. succedere 19615.
epirr ’0 9, 26, 13, 9, 18, 23, 19, 22. eudes 2617, sodes 25, 6.
23, 67, 11, 87,6 (18, 23, 19, 22, sufficere 40, 6, 53, 4, 69, 3, 64, 11,
89,1.4, 87, 8, 961223), 11616, 8615, suffieit = 1111111164, 11, erre·
1161, 129, 7, 1269, 1262, 128, Uere. ‘ceeeet’=deyei.
17, 137, 1. 15 01. sufficientia 23, 213 126, 1.
spiritns 28,16; 54,19; 104.15; spiri- suggerere Ores. 151, 5. 6,
tuum 19411, -16101010010011111- 061, 0191, 00 01 eune ef. 1110110111, ...
tum32‚15;spiritueeanetuseaepie- met 6,18; 16, 26, 63, 12, 126, 2,
011100, 06161601000411.) 0006611660 suapte 601610 54, 15.
0011. 13, 11 (cf. 13, 12, 96, 13. 15). sumere 20, 14, 47,11.
splendor 65, 9, 83, 2. summus 91,11.
' ependere deum 1001016 0100. 152, 3. 060000111916410. 000. 1619,
0116631022,8,1100110011,110111111911466. 17, 1-3. 9, 30, l. 5, 31, 27, 32,
066101161610. 7. 9, 40, 25, 64, 2, (pre 011111.)
stetim, 00111101 praefixe 606, 69, 7, 103, 2, 0100. 15615.
80, 13, 966 (0191,.5). superabundare 44, 9,

 

