60. 31) 683) 6813) 881) 87, .

16) [9819]

2) 8, 13) 819) 1819) 14,14)
35,6)80,11)41,28)45,14)48,15)
49, 1) 57,11. 18) 70, 30) 75, 18.
19) 95,5)90,14;99,18)100,33

m 91116614) 6, 46) 44, 44

'b 91 υ 1) 4817) 41, 15) 59, 19
3Α additur 1) 4, 15
Μ additur 1) 30‚5; 61. 818
69 6464666 4) 66, 64) 64, 1) 916
c additur'z) 64, 6) 84 4

)33, 13 55, 30) 91,3
c 46161141) (18, 15), 78, 13) [100, 14]

2) 61, 7 ’
ce additur 1) 8833

cn additur 1) 66, 46) 66969
66161616 1) - 649611

&deletur 1) 10, 6) 53, 34 83, 354

[552 22]
⁴ 59111) 684) 97,18
6) 466, 19
66 64146611) 9916) 4699
δε 49161611) 687

ε additur 1) 3833) 48,18)73,35)
83, 9) [78, 33] .
2) 101, 35 .

ε (16191911) (885)) 54,1
2) 5810) 7830
eeu 1) 34, 3) [70, 117]
2) 31, 31) 5819
ε91 Αε 04943811460664 6344
70, 30) 8810) 95, 34) 9818)
161, 6 96) [4,14; 696]
2)54,15)59,30)67,38) 74,30

t ex 4 (oum librarius m textu 69141964
unciali 91169 41191194194114611161414

ε, 141 1416 6644691141666991661196
’69916961641146 ε 6999461116, ut
61 41911166 1114961446 69919169 91111)
14567, 8, 33, 3638, 316335,

33, 14) 34, 8) 47, 4) 48, 18) 57,

m

15. 13) 383) 34, 9) 35, 30). 7)
66, 9) 71, 8) 733) 73, 33) 77, 1)
83, 114 84, 3; 85, 4. 74 88 184
983) 93, 3. 17) 93, 19) 94, 10.
33) 95, 7.·13) 93, 11. 35) 98, 17)
100, 9. 10) 108, 8) [4, 19) 3417)
16, 6) 96 20]

3) 418) 14, 14) 15, 30) 18,
30. 31 1476) 33, 8) 8813) 4814.

15 016) 45, 11. 331114 49, 8) 51, ,

30) 55, 34) 57, 14) 64, 8) 75, 15.

18) 79, 3) 81, 16) 88, 31) 85, 8)

88, 7) 94, 33) 100, 6) 108, 11
Ε6101)58)7 71,)7 888) 8831

flexu 1) 3411) 7830) (8813)
ΕΚ additur 1) (60, 5)) 988
εκ 4191911141) 386

est additur 1) 80, 4) 64,18)79,3)
651811616194 1) 5813

ετ additur 1) 30, 14) 3811) 3915)
71, 19) 73, 8) 74, 9) 9813) 98
33) 61,-1048

42) 44, 3) 30, 5) 35, 37

ε) deletur 1) 14, 46, 66, 6. 66
6) 66, 46

etex 61. 4) 6, 46; 64, 46

ce additur 1) 70,8

b additur 1) 7834) of. 93,5

b 41619161· 1) 33, 19

Ι additur 1) 818) 1818) (38, 34))

33, 154 (55, 33)) 58, 4) 63, 18) ¹

68113) 71, 4) 73, 7) 74, 35)
(77, 5))88, 6. 33)88,3
2) 4333) 688
14191. 1)7,3) 15, 13) 31, 10) 36 39
36, 33)54,1)56,7)57,11;58,4)
6814)71,8)77,10)(80,13))881)
88,)17 91,345164595,4),9635
161Α1)66,15) 76,)9 9830) 95,)4
99, 30
2) 5835

 

