η xxn

οε00000000;001000007
00000000007007000
7ς1770170 ωε 01700,

ᾓέᾓῇᾖῧῇώωᾶοο00000οπ0

0001100000οΜ7029229020
, 20267 31,13;35,4740,267 42, 07701) 71,18; 01. 74,1
41574037 52,20760,12;61,16; οθιε 1) 69,13; 76,16;34,25787,0
· 67,23;72,1785,11792,4793,1.117 oen 1) &103 54.6;58,20;81‚13
’ 97,9798,5.207100,2.137101,8 2) 729
texo 1) 43, 97 57, 67 77, 57 [94, οε1111)8,13.17;12,22723,227
147 101, 21] 28, 87 41, 237 43, 37 53, 217 59,
19111 1) 19, 177 23, 207 42, 147 127 60, 227 61,1. 167 77, 207
· 5067 85,6; 99, 237 104, 10 8077 88,2. 47 94,7
000 00000
ΙΝ add. 1) 21,137 30, 217437, 197 p add. 1) 35, 147 75,1; 79,2
90‚6; 937197 95725 11 2111) 14,9;73,19; 97,11798,4
2)20,77 30, 223 40, 27782, 06010 ’

704111711711371153,16,0; 01 ’ωδ ¹) ²⁹· ¹⁵
mwanQmww;1“N⁰Qffluffl

0195. 1 . 10¹5 1) 43, 87 77, 25

0000000000 mun· 000

00000 000000000

1000007 0000007

1000001 00000

000 005
100000004 50000000000

m ,1. 0013740147150250 33113112525211 {11⁸1

0177 70679714 , 000109000000
2) 5,ae 25‚22; 27, 210111 100,19

00000000 00000

m (101 1) 5, 97 56, 77 59, 187 87, sdol. 1)ss 9· 53 16, 75 12, 33,
193 88, 77 9112171180 [019] 3· 193 90‚7; 95‚9; 1οῊ

m 018 1) 57, 147 of. 75, 12 2) 37, 203 66, 20

Ν 1661)1141’1715;0,0100;64,15; 5770 1) 67,1

73, 227 87,117 95,17103,12; ⁵⁰¹⁰) 1) 241θὶ 29787 6175
[9,177 2011] sex 11 1) 12, 11

0000000 mmmmm
00000 700000001

Ν 011 ι) 0 21 se 177. 1) (0 0 50147 07

 

