210 Index

84, 4; 91, 6.;9 94, 9119, 97, 7, 9919199195375416 9999991997 14
99, 19, 104, 812. 17, 106, 391, pessimus47,l.;=2( 199191999756 11
9901, per rrocreatione29, 12( (97 pestilentia 829 83, 22
9111342999ᾟΛ7)19,9199111971,9. 9919196,1,5 39, 25, 4024 30 43,,2
pe1·a1gere4,2 70, 6, 72, 10. 24, 75, 16, 77, 22,
991999911911929713. 7817, 79,2.11,-99991911199·
9919111919 3,,5 16, 27, 84, 5. sensus tuos petimus 42, 15,- 1-11
9911119116, 28, 47, 3, 52, 8, 85, 1, 999116911111119191919, 77, 7, 19 pascha
. . petere
perdi 19721 868 18, 18, 24, 14, petitio 49 27.

25,4, 64..5 9911912,17,24,12,25,5,54,12,
9919911119991919 Oros. 155, 5. « 6612, petrosus 1549.
perennis 91197, 19, 88216. 9991199999546
perfectam ‘uit 'pro 791111 ‘bit' 141· philosophia 64, 24, philosofia 16, 6,

178 27, 57, 36, 22, 1199119911. -phrlosofi 47 22.

41, 15· 9748691919971191111 9191111947,.21 ·

Β sacer 99 9991919119919119999119 9111 studium 51, 11.
perfectio (9999119911 reparare. 91999(9999999199999)8 10, 9, 6,
perfectus 86, 8, 55, 10, 67, 24, 72, pinnarum itinera 54,18.

12, 7510, 76, 5, 77,12, 95, 23, placere 1617.

10115. 9199192231, 9999919199991191911911 ’
991699198615. 19 999 80, 20,- Oros 15219,
9911169287 45,]1,99,12,101, 19, 157, 12619

102, 8 9199919999926, 9
9911111119 50, 8. plangere 99 99991 aliquo l8, 4
991111911119110,14.9199919,99(9911.9199199)12,19.4
perhorrescere 27, 15. plasmare 15, 9.

periclitari 57,1’2 . plebs: plebe 40, 27; 41, 9, plebes pt.
periclum (19 periculum corr.) 64, 5. 33, 1.

perintellegere Orco. 155, 21. 91991919 97, 12.

991119 11, 1. 2, 14, 21, 16, 13. 20· plenare 105, 2 (lep 91999197)

23,,7 45,,9 471· 64,,13 77,19, 9991969635, 1036

perient 6213. planusio 919999 crepidines 61, 5, -·
permetere 85,11. 9691911991 5610.
permetiri 019915114. 919999911991999161821, 86,,9 99-
9991119199197. 99995519.999191991919999α91111993512,
perpeti 889. ’999119991991 0199.153,21,97.
99199999 6811, 85,15, 9815. 20,15, 51, 812, 79,12, 98,let
perscribere 561719719999999991
9999191111 86 7 pleraque 51, 25, 56 8
persecutio 92, 13. plerumque 112, 3.
persequi 22, 14· 24,,5 33, 18, 42, 27, 9191991999389, plu1·,a6 17·-919·

88, 6 20 11191 39, 27.
perseuerantia 101. 17. plus 47,13, 919 magis 8, 6· 40, 27,
991991191919 102, 7. 44, 14.
perspicere 4218 pluuia 24,16,,67,22, Oros. 154,
9919996919 2315, 97, 14, 155, 1617, 1517.

persuadit 30, 18, 99, 12, 999 poena 55,9;·62, 12, 66, 7. 15, 83, 9,

Christo seruire persuadit 82, 16. 91, 4, 97,17.
persuasio 4817, 56, 14, 95, 4, 9919. 99919 47, 21.

9911996919 11, 23. polliceri 74, 21.

peruersitas 13, 20. pollicitatio insanabilis 84, l.
peruersus 16, 12, 56, 13. 99119199 52, 5, 83, 23.

peroigelare (119 cod.) 80,11. pompa zabolica 99, 18, 97. 1197719999,
peruigil 2216. Geocla. ct. Kirclreal. 9. 81.

 

