uerborum et locutionum. 221

100012,4,2021,31,1070200110ιο 00005019. ,
tunice tuleris 25, l7; 29, 4. 000011010οι (aad. 10006010) 96, 25, ,
1001004016. 00006010 ea beneficia amr. 21, 3.
turbere 40, 3. uenenum 97,14.
turbines 88,11. uenerabilis 5,10, 31, 28, 34,17, 37,
turgescere 11012. 23, 38, 5, 42,15, Oros. 157, 9.
turinum aeramentum 25, 20. uenerabilitss 39, 21.
turpitudines 17,17, 19, 9, 22,14. uenerari 14,19, 17, 5. 16, 101010.
tuus 97,12. ueneratio 39,16; 52, 18.
typus (aa tipus sarr.) 29, 1, - 86, 13, uenia 6, 14, 36, 3, 88, 19.
15011. uenire saepissime, aelst 6, 2; 34, 10
12, 36, 13, 40, 15, 41, 10. 17,
U pro Bas. ‘perfecta'¹ 60, 10, 71, 15, 78, 21,81, 6, 87,5,
uacuus 104, 19. 91,11;102,16;103,10;—inear·
ungitur 603, 77,15. nem 7, 20, 31, 2, 604, 72, 2,
uagus 79, 22. 102, 0100οω010000. aa 10 earne
ualere 45, 20, 49, 8, 93, 24. ’ 2813, insarno 7,18, 21, 22, 31, 5,
uaniloquium 124, 11. 55, 6, 62, 18.
uaniloquus 132, 9. uenter 114,14.
uastitas 8, 2. 000100 5017, 65, 5.
namatio amdamm, ef. madi. 000001010080, 2, 0000010100 19, 22.
- 0000000010000. uenustus 1107. ,
uarietas [sleoffiwfficgh'tggm. iiiiiii (ἔτ 13ῗη12ῗο5νζ)274,0’94728, 26,
000 electum 87, 7. 317, 33,11, 40, 4, 49, 27, 50, 14,
ubi 45, 11, 4816, 4028, 65, 23, 53, 5. 26, 56, 9, 63, 6 010, 65, 7,
73, 24, 77, 22, 9018, 9016, 100, 66, 6, 67, 22, 74, 12, 82, 4, 92, 3,
18, 101, 8, 104, 19, 106, 4. 98, 1, 99, 7. 22 , 102, 2.
ubique 104, 25, · uere 52,12. 13.
001--00100 (36, 4), 38, 5, 39, 6, uergere 105, 2.
58, 16 01, -- quamuis, 0001 mach 000110004, 33, 9, 34, 5, 39, 17, 602,
sa 38‚24; efl83,15; = 01013, 64, 20, 69, 4, 87, 14, 1006,
14, 16, 18, 17 , 22, 5110, 23, 6, 101, 15.
30, 17 01.; - desisset. saepissime, uero = uatem 36, 13;40,15, 49, 19,
uelat 15,110 0., 23,10; 24, 1, 99, 8, qussi uera 7, 8. · =
81, 22; - 0 00 001,ωοοΙ 35, uersutiue sermonum 016.
12. 13, 35,17, es. (304), 46, -24, uersutus 110, 4. 11.
26, 6020, (000 quod-»uel aaut uerum = sed 35, 5.
65,18; 001 qualiter uel ω 001 ω uerus 16, 28, 35, 11, 48, 18, 49, 1,
000 503). 75, 13, 88, 7, ueri fides 83,12;
uslere 8015. 34, 16 , 50, 14, uera, arum 22, 12 ,
00110 saepissime, 00101 e. aee. 0. iss. 45, 2. 23, 9015.
01014, 9, 16, 38, 17, 52, 12, uesper 65, 9, 67,15.
57, 16, 605, 70, 18, 79, 15 01, - uestigium 44, 14,
0. ias. 5, 8, 013, 11, 26, 18, 28, 001000οο000 62, 14.
21, 14, 2017, 24,17; 3114, 38, 00100 1001. 71,14; 72, 7. 12, 73,11,
14 01, 0. cani. 11014, 112, 7 01, 98, 20, 001. uetere 72, 9, ueteri
0. aea. sala 3,12, 38, 301, 001111 1381, 153, 2.
pra uelit 39, 2, 903 ; 00111110 85, 7. 00100100 79, 12.
uelocius 110, 8, 112, 9. uexere 6, 20, 3311.
· 00101 8,2.9; l7,16; 35,20, 4015, uis 19,14; 2017, 64,20,66,16,83,
48,8, 5018, 57,12,71,14,72, 12, 14. 22, 92, 16, 102, 17, 103, 12.
78, 15, 77,1.6.12, 7024, 80, 8, 0100 anniuersariis 58, 2, - 65, 6. 12.1
81, 9, 92,4, 95,21, 9018, 10010, uicinus 80, 13.
101, 3, 102, 4. ,15. uictoris 7926.

 

