scriptorum. 165

,,142 6 LXXIX ll. Thess. 8, 7.. ,1276711

,,143 617771 - 8, 88710 1216677717

,118,6.77; 121, 67717 - 3, 9.. ,1716711
8.

6

’ζ”5 1666466666 - ·
6

1

ιυιιιιιὲ
ἅὲεὲἒῑ

lucwav
,118 6771
1 137, 617711
12, 73, 19;142, 61777111
12 sq ,14,4 6177717
13 16, 21, 19, 24
14. ,119 6.;77111 1538
1415.. . ..l6 21
19 ,,117 61117
20, 114, 67
144, 61777111 et
LXXXIV
73,;4 81,1
19.,67,9; 98,12; 123,

611771
37, 23; 66, 19
,123, 6 7771 136, 611
-22 XXX? 4111111 118 6 77, 128, 6 XLII
,145 οίχχχν] 1,13, 6ΙΙΙ’; 131, 61;
...127 671 2 ·
,,139 611
·· 136, 6. LXIII
········· 55, 15

I. Thess. 1. 2sqq.. 128, 6, XLIII
- 1. 5, , . 134, 617111
- 2,9,87,16;126,6.77717

2,16 ,,,,,,, 31, 27

(3, 3 ....... 766)

3,]8, ,146, 617777111

43... 72,16;95,23

4,15,, . , 123, 6777

5, ,g 146,,61771913111ξῐΠ

19. ,117 67Π1 Π.’1

12.. ,,132 6117

18.,128 67117

19, 29. ,,54 28

21,, 189, 6,’11

998 138, ’61711

,,117 67111

, ....... 87,7
134, 6117

,,183 6171

,5 ,29,11; 134,.61711

mmmmffiaegssz φφ ο-·

1,
1,
1,
1,
2,
2,
2,
2,
2,
2,
2,
2,
2,
2,
2,
2,
3,
3,
8,
8,
8,
3,
9,
8,
4,
4,
4,
4,

μμ

1.25, (LXXXVI
,6861266777711
,Ὀ ,,,,,,,, 9915
,,129 61117

”2’6,5, 112, 61

,11,2 61

,592 91, 6

. 59,7;91,6

. ,12161177

,132 611Π

122 677711

.129, 6, 717; 139, 611
7519 1226711711
,,132 61111

,,181 61

141, 617777

;’8 ,,,,,,, 2319
,,6 ,129 61117
,3, ..ad 19919

ΞΙΙΙΙΙΙΙΙΙΙΙΙ

t:

5, ,1,43 617771
6.8. 1466177717
8. ,,146 c. LXXXVIII
,,Ξ8, 146, 61777711
5.
6,,

ΙΙΙΙΙΙΙΙΙΙΞΞΙΙΙΙΙΙΙΙΙΙΙΙΙΙ

89,3,,,1136Π
13161

5,
5,
5,
5,
5,
5,
,661161
1,
1,
2,
2,
2,
2, Ι’1,.276711

1
l

 

