uerborum et locutionum.

28, 5, 3310, 36, 4, 38,6; 46,10, lapis 24, 12, 79, 15.
47,26,50,14,51,2411.,91,11,- 111111 22, 18.
id quidquid 27, 11, abundat 74, 19, latine littera 26, 4.
110, 9, 111, 3, eo qnod ef. qu0d; 1111111 eloqui 6,16.
- cf. idest. latro 74, 20.
1111 7, 4, 9, 17, 40,11.25,47,10.19, laneorum 5, 1, 34, 20.
48,,7 ·,49 26, 74, 24, 011115519111114415.
1114,9,’,211.’,923,2, 3418 3613 1111111,·11111589 9424.
43,4, 62,,5 7018 72,’,,58212’ lea= 7111111196.
15, 3316, 100,14; 102,17. 11111111111 652, 67,12, 72,21; 30,
1111111111111111111. 71111111, -nusquam 51718516, 89,5.
’1111113245 27, 26, 45, 22, 86, 11 legere saepisstuu, 11111115 6, 7, 26,
rtem514l98502326 511 9,.,,,,161710241413,18,2,
3.,467,,111.1111. 22824310 2632825,
itemque 49, 7Ι 35 2·in 1111112324, noningentos
iter 3,4; 4,1;9 6, 2, 20, 18, 32, 6, dicente Moyse 38,10, 111 canonem
33,1·34,1337,18,541861,1.6, legere48,7, (op 49, 23).
71,15177,1, 858· 91,10, 10010 1111111(1111111.1111.)111111111111111177,1.
161, 23. ,111,11111111148, 11, iteneris lenis: leniori (111111 corr) cliuo mol
101, 811101,19.111111100,10.
iterum 5,16; 6, 23, 11, 21: 22, 3, 111 26,13.
36, 20, 57, 8, 94. 161 36, 16, 97,21. lex 55, 233 71, 143 72, 8, 73, 11, 77,2,
iubere absol. 4, 2, 1. 111178, 4, iubere 78,,121 81, 5, 83, 3, 86,14;98,23;
ut 78, 27, 1. ant. 1341. 100, 23.
index 35, 13: 41, 6, 70, 17, 83, 10. 1111111113, 819 35, 12· 38,,7 39, 26,
1111111111151911111111111111)1351111) 41, 19.
37,,5 41,15. 19, 63, 19. 11111111111139, 11, ·,cd43 143 46,2.3.223
1111111112218.19,41,12.17,46,11,47,13,48,13150,12.18151,22.
55, 21, 80, 21, 816 23152,.,316 55131111111111111111
iumenta 71,12. 1111111111 81, 9.
iungere 47, 2, 54,,7 63,,4 87,3 liber 111 alqare 60,16, 88,16,92,11,
11115127.11111111134111111111111111”1111
111111111111111135,23,1111111111- Christo hominis uox 97, 9, liber
1111111111 65, 26. ’ 11111935.
iussio 61, 7: 104, 19. 21. 26. liberere 63, 3, 94, 1.
1111111111 13, 22, 70,12. libere 32,16.
institia 88, 14. liberi 36, 2.
iustus 27, 10141, 15146711), 85, 16. libertas 5514, 751, 78101 8814.
iuuenalis = iuuenilis 129, 2. libet exclamare 52, 25, 1111111551
iuxta = secuudum 35, 23, 8510, ct 97, 8.
109, 7. 9, 124,12; Oros. 156, 12. libido 29, 5
licere 30, 17; 52, 25.
labi 62, 9. 1111111.11111.4,3,6,1,1 34,;8 3513,
labium 11, 23. 42, 21, 49, 16} 699· 8025, 864,
1111115123, 53,·6 86,14, 9018. ·-1111111111111111111111111111111
laborare 111 opus Christi 64,15,11111 mutiles nobis( cf. Philone. 11) 14 10.
66,,17 11187,6, 1111111111 11111- ligere (ea legere corr.) 46,19; of.
nasse 162, 4. obligare.
laetitio 72, 22. lignum 79, 15.
11111 40, 5. 20, post professionem pe liminaria 79, 14 21.
tnntnr ad secerdotium 40, 24,- limus 19, 24, 21, 1, 65, 20, 73, 5,
42,21.23,135.8 98, 15.
lampas 24, 25. lin 1111256, 27, 17; 54, 14.
languescere 9061111111111111 19, 9.
111111112411.1111111264.8111111111402143,111153.

 

