18⁰ 1111111111ιί

Rom lll.

011111011.

011. 11.

111111. 1 18. 11. 10.

111111.<8.>1ῖ). 1

1111. mm 0111 in 1111111111 1111111111 deguit (1111 primo
1111111111, 11111111 prophetas, 111111 1113111111.

Cor. 1 71. u 77. 78. 71.

1111. 11. 10.

Thess. Ι. 21. 11

11111 Ι. 1.

111111. Quin 1111111 bonum eligendum 111 11 11111111 1111111-
bus fraterna 11111111111111111111, redimendum tempus paxque
ot 1111111111 1 christianis 1111111111

Rom. 11. 11. 17. 100. 107. 11

011. 1 1. 71. 71. 101.

011 11.
11111. 111. 11. 11. 11.
Philipp, 7.

111111. 1. 11. 10, 11.
111111. 111. ·
011. 18.

111, mm: 1.111.11,11;111.4,1ι. '
111. ιιι 1111111, 11. 1 cor. 1111. 111 1, 111 111 1, 11.
111,1,1;1,111111ι.14,11. 11111. 11141 1114. 11111111.)

111111.017,11111.001 mmmm 1011111 4111111.
11.101“,1111111111111.Ι.11411111111111111111,111111111111111911
10111111 »panum 11111 A 1511111115 om, ΓΒΛ, 11111111 V

0111111111 71111111111111111111 11111 8011. Ι. 81. 07. 78.
711, 011. 1. 11. 77. 78. 711 adstet. 011. Ι. 71 11111111. Nun (-- 41
1111111107111111111 10 11111. 1151 11 111111 L, 11111117

11111111111111111111111111 Μ 11011111 sit 1 christianis 11
1111111111 1111111111 1 1111111.17,1111111111 (1111111111111117) 1
1111111111111 1411111171), 1111111 15 Rom.115.116.
117.1071Λ,11111.1117.1071 11 011. Ι. 14. 87 Γ, 011. 11. 1. 74.
77 Λ 17 (111. 11 LA, (111. 19 Ρ 10 111. Ι. 11. 11 L, 111. 111. 11 1
1101111 1301111111

 

