184 Index

aestimare 29, 2, 63, 26, 78, 7. nnrrs aduersus alterum proelio 23,
aestimator sterilis 54,1. 121-- Ι. Cer. 4,,61- exalia perte
aetas 88,19. “exalia 99,.-1 elius preniter
aeternale captiuum 25, 10. Ores. 155, 5..6
aeternitas 60, 7, 74, 26. 5115 (151 120, 7.
aeternus 4225, 62, 12, 63, 12, 75, 17, 51151·’5,(5 47, 7, altarium, n 525, 135,
782221, altaria 47, 8.
5555158811. 5115555964.
511. . .. cs. 5511. . ,1 altercatio 37, 10.
egere 28,,5 41, 6· 45, 13, 55, 21, 5115515146, 46, 7, 511551νν51 err
6136719 8138729320 60896614155151155
95, 26, 1628 5115515525, 6511, 76,12.
55,...51 adq...] emere 363 46, 16, 63, 11.
agmen Ores. 151,14. ambigere 45,9.

’Δ 5311111567, 19, 87,12.,13 9712 99,,4 5516111561, 11, 94,17, 969.

100,17, 11153. ambulare 18, 18, 64, 23, 66, 16, 73,
agnoscentia,ee 1037 22, 79, 25· 87,,2 105, 23· 142, 11,
agnoscere 4, 14, 66, 20, 70, 6, 75, 21, 111 11166 11625·
> 82, 18, (inintellectum) 95 15, 96, 5511555162 15.

27, 99, 23, 100, 318, 105, 19,- amicus, 5. qen. 57, 6 15555 ee (151,),

enadgnese.eerr.10,6; exagnnse. 9214, 5.(151 94, 1417 ); 104, 10.

77, 20. nmrtter0398101, 10.
agnus 71 17, 79, 1. 6. 24. em0r36,1, 49, 5. 15.

515 saepissime, eieiul 518, 6, 5, 8, amplecti 31115, 4676

922, 9,,3 102917 22 ω96, amplexus, 5575, 17.

13 17. 19, 97, 21, 98,8 ampliare 23,2.
alibi tsaepissime (5555511165, erebro emplius 35, 2.

1 514 621. 24, 8,,23 11, 554114 44,,20 95,,4 51,(51.

5. 18, 11, 21, 14, 3, 15, 22, 19, 17, anacoieeniexein 15.· 3,7—4, 2, 5, i6sqq.;

255, 26, 18· 27, 14 202224 ω 611sqq 2 3,sq 30, llsqq.; 41,

84, 9. 17. 20, 86, 10. 11, 55‚28sqq.; 63, 9 sqq.; 75, 3, 79,
alienatus a dee 95, 5. 1, 51, ef. 51565555, namatio.
alienigenas 93,19; 101, 7. amphorae exempla: 6, 14, 8, 4, 15,
alienus 5816, 9323, 9222, 101, 26,24,115(124,18-25,4

9.12, 10211, 5. ciat. 97, 16, 511 25, 24 sq 26, 11 sqq 27, 86 sq

99,9. 29,16-30,,4 35, 16 sqq 39, 22,
alimentum 44. 4. < 42,15.19sq.; 51,16 20 54, 1625,
aliquande 21, 26,46. 3, Ores. 1527 55,3, 60, 18, 61, 2.,7 66,15sqq.;

156, 19. 51,-05515211.
aliquanti: aliq net, Oros. 151, 10. 5551661556, 19, 17, 29· 22, 1. 4. 13,
aliquis 34, 9, 45, 18, 47, 18, 65, 15· 23, 4, 24, 4, 30, 2021, 426,

95,19,15 aliquisi existere 92, 6, 521, 56, 26, enathrme 1414,

quintum ehquodeunngehnm31283 5551155155 7, 23. 26, 5515515555
aliq Jsstffiq 35414114 ,5512511525 11, 22. ’
aliter 9, 28, 12, 7, 28, 14. angelus 301219, 31, 7. 8. 12, 14. 15
·1linnde 71, 22. 015. 19: 75, 7, 81, 12, 104,11,
51155,5556·.511517,16, 125, 223, 055515316.

2212, 51, 9, 58, 1251, 51156 7,12, angularis 24, 12, 66, 8.

31, 11, 42, 18, 48,15; 5212. - engrrstiae 58, 7; 94, 24,

alind er his 74, 10, - unum ω angustus 90, 15.

5111119219, 511(ι(1·ν5115(148, 15, enimn 36, 2, 54, 16, 70, 12. 18, 71,

7410, 75,1, 9518, 5111 nestrum 21, 72, 13, 74, 9, 76, 4, 78, 11,

«1 nlii 35, 3. 4; 79, 19, 5111, 5111, 87,15, 104,9.18,551555655105,11.

5111 63. 11. 12. 25, alter alium 92, 8, animaduertere 65, Ι1.

 

